383 000 0
383 033 0
383 066 0
383 099 0
383 132 0
383 165 0
383 198 0
383 231 0
383 264 0
383 297 0
383 330 0
383 363 0
383 396 0
383 429 0
383 462 0
383 495 0
383 528 0
383 561 0
383 594 0
383 627 0
383 660 0
383 693 0
383 726 0
383 759 0
383 792 0
383 825 0
383 858 0
383 891 0
383 924 0
383 957 0
383 990 0
384 023 0
384 056 0
384 089 0
384 122 0
384 155 0
384 188 0
384 221 0
384 254 0
384 287 0
384 320 0
384 353 0
384 386 0
384 419 0
384 452 0
384 485 0
384 518 0
384 551 0
384 584 0
384 617 0 
384 650 0
384 683 0
384 716 0
384 749 0
384 782 0
384 815 0
384 848 0
384 881 0
384 914 0
384 947 0
384 980 0
385 013 0